Image: 10
RNA Entropy: 7.9959467288155
Key Sensivity: 171 , 99.66
First Pixcel: 
NPCR: 0.997531
UACI: 0.338112
Midle Pixcel: 
NPCR: 0.995496
UACI: 0.332465
Last Pixcel: 
NPCR: 0.994351
UACI: 0.310505
Average: 
NPCR: 0.995793
UACI: 0.327027
Correlation Coefficient:
Horizontal: -0.0086
Vertical: 0.0164
Diagonal: 0.0146
Time: 12.513