Image: 14
RNA Entropy: 7.999705487383664
Key Sensivity: 2399 , 99.61
First Pixcel: 
NPCR: 0.997031
UACI: 0.333656
Midle Pixcel: 
NPCR: 0.994517
UACI: 0.31644
Last Pixcel: 
NPCR: 0.996834
UACI: 0.34685
Average: 
NPCR: 0.996128
UACI: 0.332315
Correlation Coefficient:
Horizontal: 0.0137
Vertical: -0.0086
Diagonal: -0.0146
Time: 148.147